
ORACLE (70 prompts x 2 samples; mean over prompts [95% bootstrap]): part | names bridge | names answer | prompt words | foreign names per readout | chars
  whole: 0.86 [0.79, 0.92] | 0.93 [0.86, 0.98] | 0.58 [0.54, 0.63] | 2.28 [1.92, 2.66] | 404
  J part: 0.93 [0.86, 0.98] | 0.91 [0.84, 0.97] | 0.47 [0.43, 0.51] | 2.33 [1.95, 2.75] | 435
  rest: 0.21 [0.14, 0.30] | 0.26 [0.18, 0.36] | 0.21 [0.17, 0.26] | 4.69 [4.14, 5.26] | 321
  random part: 0.44 [0.34, 0.55] | 0.51 [0.40, 0.63] | 0.29 [0.26, 0.32] | 1.91 [1.61, 2.21] | 426
  random part 2: 0.55 [0.44, 0.66] | 0.59 [0.48, 0.69] | 0.23 [0.21, 0.26] | 4.04 [3.53, 4.59] | 359
  all but random: 0.84 [0.76, 0.91] | 0.95 [0.90, 0.99] | 0.54 [0.49, 0.59] | 2.71 [2.35, 3.09] | 381
  PCA part: 0.84 [0.76, 0.91] | 0.89 [0.81, 0.95] | 0.58 [0.53, 0.62] | 2.66 [2.30, 3.04] | 412
  all but PCA: 0.06 [0.01, 0.11] | 0.09 [0.04, 0.14] | 0.01 [0.00, 0.02] | 2.41 [1.98, 2.86] | 239

NLA (70 prompts x 2 samples; mean over prompts [95% bootstrap]): part | names bridge | names answer | prompt words | foreign names per readout | chars | quotes a final word (share of readouts) | of those, it is the prompt's last word
  whole: 0.85 [0.77, 0.92] | 0.89 [0.82, 0.94] | 0.65 [0.60, 0.70] | 1.88 [1.56, 2.21] | 827 | 0.81 | 0.98 [0.95, 1.00]
  J part: 0.88 [0.81, 0.94] | 0.89 [0.81, 0.96] | 0.45 [0.42, 0.49] | 3.26 [2.92, 3.61] | 855 | 0.82 | 0.83 [0.75, 0.91]
  rest: 0.23 [0.14, 0.31] | 0.09 [0.04, 0.14] | 0.29 [0.25, 0.32] | 2.11 [1.66, 2.61] | 852 | 0.83 | 0.98 [0.96, 1.00]
  random part: 0.49 [0.39, 0.60] | 0.36 [0.26, 0.47] | 0.29 [0.25, 0.32] | 2.26 [1.91, 2.65] | 868 | 0.63 | 0.65 [0.53, 0.76]
  random part 2: 0.54 [0.44, 0.65] | 0.40 [0.30, 0.50] | 0.28 [0.24, 0.32] | 3.05 [2.56, 3.59] | 869 | 0.61 | 0.54 [0.43, 0.66]
  all but random: 0.84 [0.75, 0.91] | 0.86 [0.79, 0.92] | 0.59 [0.55, 0.64] | 2.26 [1.95, 2.60] | 822 | 0.92 | 0.96 [0.92, 1.00]
  PCA part: 0.79 [0.70, 0.87] | 0.85 [0.77, 0.92] | 0.59 [0.54, 0.64] | 2.59 [2.25, 2.95] | 842 | 0.86 | 1.00 [1.00, 1.00]
  all but PCA: 0.16 [0.09, 0.24] | 0.12 [0.06, 0.20] | 0.05 [0.04, 0.07] | 3.90 [3.42, 4.40] | 800 | 0.96 | 0.01 [0.00, 0.02]
